790
944
860
373
547
360
223
649
650
699
391
127
708
892
018
634
834
577
160
810
333
638
071
102
811
037
945
164
211
445
694
646
450
635
517
802
357
896
012
680
992
401
366
143
738
688
596
010
065
615
412
288
167
387
175
951
773
602
731
469
913
988
236
551
388
985
674
274
124
919
565
283
016
874
702
712
087
189
435
883
094
999
868
144
796
403
871
402
072
503
476
655
321
348
266
474
537
235
573
440
171
996
561
969
428
196
730
284
271
174
959
152
637
963
015
619
202
843
612
070
230
982
665
924
219
368
578
420
405
397
049
248
970
026
289
993
711
882
417
434
498
975
501
419
691
660
237
791
583
588
361
792
519
512
610
118
598
365
269
912
604
971
536
354
272
698
952
846
853
664
628
514
280
131
306
686
206
833
481
262
781
599
920
724
600
495
313
256
104
749
192
201
643
777
002
088
295
905
795
074
780
145
096
576
866
251
407
114
767
854
367
421
020
640
956
227
636
129
554
705
528
254
298
509
895
606
112
741
116
134
278
117
526
217
336
301
851
529
456
941
645
455
392
150
549
542
989
432
486
891
213
942
541
555
909
109
835
210
309
326
864
800
907
067
374
873
623
081
123
239
962
593
286
957
077
452
978
325
035
626
221
453
302
893
086
446
716
894
068
078
609
346
832
319
053
483
652
608
066
658
695
826
849
879
772
794
148
172
113
629
466
899
281
009
069
063
364
525
414
733
181
137
238
031
371
461
756
185
742
267
861
268
014
937
358
415
159
788
343
766
119
478
470
798
580
669
182
539
837
594
727
755
967
051
616
877
089
678
929
617
706
611
216
410
887
938
679
282
762
101
785
597
307
804
842
496
179
613
038
025
656
813
948
265
036
816
416
845
639
349
936
023
125
376
259
457
128
258
934
462
001
904
955
621
915
760
339
004
511
827
743
744
675
327
852
246
382
341
984
492
906
707
409
540
522
671
995
161
489
987
429
729
728
315
911
976
736
784
947
696
943
054
774
475
812
568
398
318
045
198
260
734
815
779
460
197
654
423
097
168
587
939
413
480
900
208
875
797
316
008
229
770
056
690
055
534
535
750
876
048
370
099
408
458
372
477
502
133
625
029
222
188
614
328
163
233
005
304
903
270
910
454
438
122
255
046
553
935
914
648
176
782
732
571
441
291
980
330
966
818
545
801
657
585
090
075
683
314
917
362
375
844
351
820
261
059
677
714
886
028
433
922
668
331
121
285
950
338
356
817
718
296
042
311
300
902
279
847
858
381
080
052
047
979
592
320
263
166
584
591
297
821
908
865
187
504
897
590
378
968
098
601
918
898
138
986
928
689
841
758
757
136
747
589
850
400
856
726
754
787
574
044
183
644
564
034
404
091
240
073
977
739
437
530
958
141
710
888
506
107
264
633
761
436
308
520
933
386
927
745
203
700
783
095
488
151
869
043
721
632
355
017
058
946
479
991
507
226
276
173
693
581
463
385
548
487
390
715
447
921
126
177
022
701
424
764
482
748
135
647
379
544
082
881
353
468
003
533
344
204
494
363
808
467
703
563
241
631
769
110
746
194
521
006
799
426
228
292
981
538
624
184
115
793
667
603
165
396
147
518
778
830
704
771
019
662
516
384
607
443
807
245
473
214
287
232
303
867
974
499
039
040
250
831
093
218
824
242
819
765
582
030
497
720
670
389
713
723
513
448
106
806
449
399
803
024
244
180
579
215
224
753
737
822
310
471
550
872
293
007
961
836
916
394
234
108
209
190
890
027
557
062
653
572
684
954
709
205
627
060
231
337
990
430
829
681
472
595
661
139
786
305
442
021
347
257
013
191
156
393
352
751
359
953
515
323
531
158
809
225
092
560
273
130
659
863
033
032
880
510
725
041
546
857
220
253
431
768
789
105
485
692
825
676
901
862
199
682
685
425
493
828
651
084
556
195
322
193
317
570
290
439
491
567
342
840
406
451
332
444
532
923
569
422
839
740
562
079
775
697
275
465
630
949
523
294
575
998
170
855
859
212
524
186
252
490
207
878
673
884
552
823
011
885
334
558
000
247
931
299
312
085
459
960
076
380
061
940
973
111
543
932
622
243
500
889
418
776
377
345
605
527
157
484
050
369
983
666
505
103
848
763
838
153
329
972
566
100
155
335
687
162
508
383
169
350
641
805
870
395
140
642
464
154
559
057
925
146
142
663
120
149
722
200
586
411
277
752
930
964
717
083
994
814
618
672
064
926
178
340
249
735
427
719
132
759
620
997
965
324
